10245
157703
10249
154633
39947
10254
268305
79889
12305
12307
11285
31767
34839
31768
1235996
11295
452646
70698
648235
648242
10298
10299
356411
7227
34880
10304
10306
387139
440390
59463
37958
37959
10315
10320
59474
10323
10324
1541205
10326
59477
10329
10333
10335
402527
2686049
10338
333923
211044
6239
1980519
1263720
10345
172148
10359
10360
225400
10366
10367
748671
10369
10370
269446
10376
10377
284812
643212
39054
10383
10384
10385
10389
10390
9365
337052
349344
8355
10407
8364
559292
293055
9407
9408
2018513
75985
868565
11484
363744
432370
1280
10497
37122
63746
10515
196889
10527
287
10529
10530
60711
1320
9523
10553
163134
9534
72004
9541
9544
1335626
420174
10579
10580
864596
10583
10585
512346
10586
10588
445791
10593
10598
11624
10600
358769
10614
10617
299386
10621
9598
10623
380285
9601
83332
83333
83334
9606
10632
9615
10641
117138
1891730
9627
11676
11678
11679
11685
11686
11689
11696
37296
11698
380337
4530
1891762
1891767
277944
11706
73147
10684
11707
11708
587200
11720
11723
142803
9685
10710
10712
10714
11738
641501
37347
247268
247269
333284
375286
70146
367110
10760
216597
1173018
176674
258594
36391
480808
928302
562
928306
510516
165432
284218
9796
381512
381518
2709072
184922
10843
11868
45659
9823
9825
11878
11879
392809
9838
11888
3702
630
10872
28282
28285
11908
11909
240269
265872
265874
11926
11927
190110
229032
1415852
329389
2742957
585396
644788
435895
28344
9913
253634
9925
388812
9940
5855
1159905
2758382
292591
256753
694006
694007
694008
694009
9974
9986
271108
7955
290579
11033
419612
31518
31520
31523
11045
31525
11049
31531
659244
10029
11053
12082
11059
10036
11060
11065
31547
7998
31552
11072
31553
64320
11078
9031
12104
11082
126794
11084
211787
11096
11097
11098
2697049
11100
11103
11104
11105
12131
11108
11113
10090
12138
11116
443241
2708335
11120
11122
382835
32630
11133
329599
11137
10116
11142
11144
31624
11148
82830
11151
31631
82831
11150
31635
31645
7070
31647
10141
33703
33708
128952
121791
333760
333761
333763
33734
11208
12242
12243
992212
341980
11235
228330
12267
645098
160750
11247
11250
421877
421879
11259
