Taxid A
1263720
694009
11295
11137
1235996
2697049
211044
64320
39054
31631
277944
284218
121791
256753
160750
641501
381518
1335626
11122
10384
333761
28285
37296
11116
10299
10377
11879
11679
11676
11103
28282
10515
10359
10298
10315
11706
11686
11678
10579
1891767
10376
11926
333760
10580
10600
333923
10389
1891762
10632
10586
420174
421879
356411
63746
10383
443241
694008
694006
36391
11151
11148
349344
11142
11133
11033
10345
10329
10326
82831
387139
10249
11696
10497
333284
10585
31553
2758382
10614
10254
10245
10370
45659
157703
337052
31531
10530
10553
12082
11104
11097
381512
440390
382835
392809
11065
402527
363744
644788
380337
329599
79889
11259
11060
172148
11078
11084
11072
11082
11053
10385
10323
10583
37122
10621
333763
10588
31647
31552
11624
11285
645098
864596
643212
388812
11908
10407
10593
10598
435895
11685
290579
11689
31767
31768
1891730
10306
11707
82830
269446
11105
868565
11045
10304
33708
128952
11927
11909
928302
992212
211787
10617
37958
247268
37959
247269
31645
421877
31635
648242
10360
1173018
11698
10320
2709072
2708335
11208
11059
31518
358769
11098
1415852
12104
253634
2018513
10367
11250
31547
11108
329389
11113
11100
